1 5 8 11 38 53 65 66 75 81 87 128 263 312 379 789 852 2200 5540 8066 8261 11908 12104 21954 22099 22504 22785 25689 25909 27488 31307 
0 23 26 37 61 68 157 725 737 769 992 2699 4081 4370 7031 8038 8231 9542 9550 13226 14632 16813 22386 28382 29053 31120 
2 4 8 9 13 37 95 115 224 291 371 429 437 471 474 996 1043 3492 4535 5268 6698 7659 8123 8130 8141 8747 9155 12065 21063 22063 23960 27052 32591 
3 4 4 5 6 39 74 98 373 491 532 605 657 668 707 2764 4480 4710 4871 6800 7679 9101 16963 17592 23312 24574 
1 2 4 5 8 9 9 24 51 69 70 89 173 250 321 353 656 670 1010 2533 3122 3546 4606 4861 7047 7876 8551 9804 19864 23200 29610 32073 
0 3 4 5 6 6 7 8 15 167 179 409 615 677 743 955 2665 2791 3513 5681 6818 7804 13708 17159 21366 22006 25433 26198 27536 
0 1 4 4 25 27 29 32 45 81 170 298 315 331 589 606 703 2078 2676 3115 3769 5838 6342 7983 8839 8989 12203 13031 14762 15759 16398 20057 21209 21934 28006 31559 
4 5 6 8 9 29 37 45 86 185 241 462 688 747 820 844 2638 3752 4352 5633 7474 8263 8551 8624 9734 13240 14002 14040 18051 27349 29633 
6 6 7 9 9 43 55 93 93 181 200 345 346 583 584 594 619 630 944 2350 2557 4131 4271 7620 9410 13128 13989 16463 21438 25957 
5 5 9 10 15 23 32 68 76 83 88 89 91 405 602 679 1470 2970 3321 9408 11203 20394 26111 26910 30662 32317 
1 2 2 4 4 5 16 37 62 63 64 78 90 262 274 318 422 717 850 5490 8577 9089 16504 17325 22684 23495 23801 26887 27769 28220 28506 30922 
0 2 3 3 6 20 31 41 43 57 82 99 400 756 946 1274 4722 4894 5521 6265 6521 9141 9500 9869 20163 20626 22603 23235 
1 4 6 8 9 49 62 74 93 97 334 384 605 709 982 2468 6266 7697 8815 13225 14531 18000 19493 23439 30324 32757 
2 4 5 5 12 24 60 87 241 490 669 709 2383 3619 6222 6595 6652 8006 8216 10114 12059 13362 13931 14009 14031 17206 19123 24804 28585 31476 
2 4 8 9 19 28 80 186 215 290 433 518 524 692 720 1458 1700 5835 6144 7518 8412 10185 14912 15020 18828 21134 29375 
4 4 9 18 54 68 71 73 82 84 99 214 491 550 651 661 859 949 2042 2302 2706 7770 7776 8100 9549 10935 11135 15724 23561 28677 31001 32598 
2 3 7 8 8 11 29 36 57 58 61 62 66 75 79 87 385 573 720 882 2144 2147 4801 5011 5615 6911 7448 9357 9753 10095 13102 15069 20453 22136 25696 30974 
6 7 16 18 38 58 78 81 193 553 667 671 973 1731 3032 3296 3764 4388 6524 6559 7062 7197 8309 9353 12298 15682 16831 24359 
2 3 3 4 8 11 42 57 75 84 95 99 244 620 653 1118 1987 2739 3709 5442 6858 7822 8216 8569 13741 16018 16429 18742 20550 25651 28802 30628 
0 2 3 20 46 63 66 67 75 83 190 494 912 1459 3525 4066 4512 6620 8150 9701 20707 21489 22737 23664 
0 2 5 6 7 40 62 78 96 250 339 502 515 522 570 909 997 1096 1136 1530 2174 6462 6789 12904 14507 14550 16816 19279 22604 25968 27061 28092 
2 2 6 13 28 46 61 66 72 73 89 95 216 886 918 929 973 1884 5078 5676 6178 7160 7950 9392 12758 13007 13636 16303 25052 29652 31524 
3 3 3 4 4 9 22 31 40 46 66 67 72 92 471 611 758 880 1024 6809 8332 8644 8834 9424 9680 12138 22376 29578 30463 
0 6 6 24 35 39 46 53 71 603 662 888 1690 3790 4604 6029 7316 8150 9739 18655 18788 20176 20211 20259 23841 26705 28241 30452 
3 3 4 5 8 67 78 177 312 517 527 595 714 783 885 919 951 2538 3316 3440 4875 5031 13395 18956 32575 
0 1 1 1 3 6 7 9 30 46 53 77 691 724 815 867 939 1014 2119 4605 5317 5358 5465 7054 7616 8256 8611 8651 17175 17767 22294 26266 27368 31255 
0 2 18 35 55 68 99 192 403 520 735 797 958 1978 2672 2949 5215 6501 7843 8419 8453 10013 12310 12527 15619 25511 30283 31941 32617 
0 2 4 4 7 62 71 74 78 305 455 973 993 1220 1418 1784 3125 4879 4882 5327 8605 9408 10774 10995 11999 15251 15400 15711 15879 16326 16479 24078 27899 31628 
1 3 3 5 7 10 30 33 82 198 244 270 452 552 1954 2693 3104 4206 7788 9829 10395 14811 15498 15974 16337 23315 31709 32011 
2 2 3 3 6 14 14 22 41 54 64 67 88 184 279 981 1997 2645 4479 5571 5604 5989 7115 9003 10988 18995 22090 31197 
0 1 3 5 5 7 7 8 8 8 17 26 47 52 54 61 63 94 193 340 411 598 723 2424 4156 4555 5396 7721 9055 9074 9761 14182 14839 15336 22696 23479 27643 27776 28293 
3 5 7 7 21 22 23 52 58 91 91 99 330 367 498 609 696 1146 1391 3204 5194 6147 17273 26220 28547 30385 30837 32045 
0 0 0 2 4 5 16 28 58 71 73 87 88 93 203 215 739 819 860 878 3511 4577 6168 6492 7164 7256 9439 12848 15478 20173 24335 25374 27083 28391 30320 31853 31982 
0 2 4 6 7 8 9 41 43 45 67 79 90 96 263 311 404 706 806 951 1438 3045 3817 4420 4440 5831 10904 13276 17598 18727 21135 23751 27026 27472 29477 32108 32212 
0 3 4 8 9 29 55 93 99 398 590 831 940 1772 2850 2957 3292 3840 4136 5512 6465 8204 9294 12842 13293 15130 18638 21758 22983 23330 26279 
1 4 4 14 51 67 97 169 423 470 551 558 582 647 706 793 799 2696 2992 3454 3877 7362 8189 11523 22887 25176 29931 
1 2 2 7 9 9 15 27 39 81 91 177 191 223 297 303 377 480 882 1200 3042 3740 5830 9527 9768 16770 18960 21186 22661 28476 31757 32344 
0 1 2 5 6 7 8 9 13 46 51 226 429 454 464 527 704 762 781 2844 2859 3608 3624 3684 5243 5725 5874 6781 8396 8872 9174 12661 18062 
0 1 3 5 5 7 7 8 16 19 31 76 88 152 195 214 362 501 723 907 3989 4537 6753 9150 9497 15948 18778 26003 28190 28832 
0 4 5 6 12 13 14 25 53 68 70 118 336 389 631 826 2230 4043 4097 5659 6054 6434 6569 8369 8939 9825 13726 19052 19532 22987 23064 29263 31551 
1 3 5 8 24 41 43 55 63 79 80 92 410 620 856 2354 6028 8348 9897 9947 10076 10753 11197 13422 23707 24567 24701 26243 26578 29106 31225 
0 2 16 37 51 145 224 621 693 788 1003 1556 3234 5198 5483 6422 8017 8127 20248 27916 29718 30898 31174 
1 2 2 5 5 7 7 9 22 27 94 96 99 353 455 517 861 956 3877 5060 5849 7240 14595 14658 18445 19118 25821 28808 30036 
0 0 3 5 19 27 52 90 101 103 248 293 313 506 735 750 1369 4501 4927 6284 6931 9426 9667 10332 10861 17356 18006 26633 32155 
4 5 5 6 38 50 78 90 132 156 236 264 268 384 431 595 770 957 1687 2330 3318 5002 7263 9684 10486 19043 19189 21815 31339 
3 4 6 6 8 50 54 59 63 83 88 99 231 337 511 539 621 674 2158 3610 5076 6493 6918 7579 7793 7993 9454 11228 17931 18980 19270 21205 24688 29041 
1 24 53 56 60 73 279 402 467 567 640 788 1224 1701 2380 6513 7754 7826 15925 16321 16494 17543 17758 19636 22871 25259 25365 32347 
1 4 5 6 6 7 8 31 78 83 332 370 508 597 973 1422 1653 5132 6216 10916 12725 13393 14976 18253 18917 20463 21411 25599 28098 29460 30830 32748 
1 5 6 7 7 8 16 38 63 99 99 217 357 3452 5089 5723 7923 8514 11334 14562 15299 16638 28340 29540 31495 
1 2 4 5 9 25 45 46 56 189 496 742 860 971 987 1505 3551 5386 7140 8695 9386 12663 13305 18452 18607 24698 25668 28915 
0 1 2 4 4 7 8 9 11 60 77 79 186 276 463 671 742 2429 3630 7428 11482 12105 19799 21369 22936 23494 24386 24907 26788 26915 29447 31575 32134 
1 4 8 28 39 43 48 69 86 88 88 94 613 755 916 3739 5186 7493 7909 9234 9507 12119 20537 21978 22165 28893 
0 2 5 5 6 44 49 55 59 69 83 84 98 369 583 823 1764 3869 4312 5392 6026 6345 6365 7382 7841 11956 19241 20049 31903 
0 1 1 2 6 6 14 36 58 72 89 90 153 192 430 481 588 623 762 5402 6536 6898 7639 7780 12597 12614 20441 30453 31168 32616 
1 2 5 6 7 7 9 46 63 96 387 508 724 829 966 1682 2541 8992 9602 9791 12074 16536 17105 21804 23794 28113 
0 3 3 9 16 17 36 41 65 87 165 181 347 405 480 685 1558 2124 3698 5754 5889 6016 8094 13413 13974 17687 19207 19352 20711 24009 27482 31837 
5 7 14 23 38 63 68 90 111 136 187 233 390 645 748 822 2960 3625 3864 6331 7763 8798 9039 10898 11071 18504 22077 22079 22411 26558 
5 24 40 61 63 70 72 98 156 264 754 2312 2872 2942 2990 6002 6901 8040 9394 9898 11816 12126 18387 20346 21715 22473 23273 27652 32036 
0 0 1 3 4 4 4 34 36 79 81 135 288 704 834 1072 1512 1637 2977 4242 4891 5226 9390 9672 10327 11391 12487 20403 21936 22199 27163 31065 31597 31907 
0 3 5 6 7 8 48 86 92 149 319 368 927 2130 2251 5719 6056 6799 7138 9438 9530 9916 12471 14307 17864 20618 23169 25107 
2 2 4 6 6 8 10 22 62 98 180 181 250 506 563 925 2697 5931 6054 6361 7901 8599 9404 17822 17953 19338 20425 23256 26372 26913 29322 29971 32705 
1 20 32 34 85 91 98 257 446 877 1696 2441 4413 6628 8390 8682 9185 12284 13397 16242 18369 23450 25468 27466 31200 
0 1 1 3 7 21 45 50 73 84 86 96 152 283 418 705 846 967 975 1508 6699 6925 9453 10247 11798 11962 12898 14311 19690 19736 23438 26224 29597 30473 
0 5 55 76 97 187 410 460 485 723 904 1588 2789 7902 10963 11126 11729 13004 16451 18149 20942 28470 29442 29858 
1 2 3 4 5 5 5 6 9 9 25 56 82 85 198 404 541 584 849 2973 3831 5114 5229 10817 11669 16940 17193 23112 26177 32048 32746 
2 2 4 6 6 6 8 8 18 23 30 43 63 72 86 337 412 452 964 1101 1393 5369 8104 9950 11582 13193 14713 15247 20950 22593 26383 28368 
1 3 6 6 8 34 53 333 414 547 676 792 858 951 961 2212 2673 2958 4659 9062 9100 12364 13175 17350 17409 22516 24861 29462 31030 
5 8 9 23 23 48 61 70 72 81 254 701 786 1962 3236 3300 4030 4845 4967 6115 7064 7635 8023 8601 8968 9890 19466 20071 21189 21256 21469 23308 26640 29891 30246 
0 2 3 5 8 9 41 53 78 128 362 518 710 729 3226 4434 4819 7191 8489 9428 16880 20543 22060 22405 28220 32491 
0 3 4 5 6 6 7 8 8 42 43 47 52 72 89 92 184 245 900 906 3275 4981 8424 8506 16046 18910 20461 21176 21246 21279 21400 21536 21612 22418 28884 31170 31530 32373 
1 5 13 62 73 389 636 692 880 1379 2952 5165 7180 9992 10393 17378 17921 21825 27315 29139 
0 0 4 7 13 61 62 82 92 171 178 502 815 993 1418 2083 3630 6524 7147 7583 12016 17197 18333 22909 29009 31866 
0 3 6 7 8 8 8 9 40 41 754 906 946 1984 3398 4484 4895 6603 8746 14592 22239 22694 25121 25572 25983 27382 
0 2 5 6 6 7 9 27 59 71 93 584 594 720 1092 5042 5398 8421 10362 11410 12130 15855 21950 23508 27598 
0 1 1 3 5 5 5 6 9 52 55 81 81 259 355 427 483 529 676 2076 2140 4335 4598 5396 6308 8363 8453 9164 14481 14959 15395 22797 24049 26099 
1 1 2 4 4 5 5 12 14 22 27 35 37 41 80 82 237 665 693 745 1496 1525 1906 2320 2953 3354 4090 4570 4653 4721 6590 6994 8127 8532 11657 13710 17529 23047 23951 25996 28864 28892 
2 2 5 6 7 22 41 59 77 88 97 349 468 758 786 862 873 930 979 1872 5816 6287 6481 6793 7166 7987 9752 20883 25022 26363 
0 5 7 7 12 15 28 33 55 78 83 85 124 281 493 615 725 1835 2794 3388 6201 7633 8678 9925 19186 24539 28584 29277 30170 
1 1 2 3 6 6 7 7 22 39 52 64 75 80 214 241 275 470 659 911 1385 2720 4382 4582 5797 8498 9036 9045 10247 19091 25368 27718 30136 30528 30589 
0 5 7 8 8 13 16 46 59 61 72 269 461 579 752 1435 2281 3385 3626 3636 4154 4496 8187 13850 20836 22030 26346 28045 30591 
1 6 6 7 8 9 12 42 55 62 79 227 660 686 842 976 1651 4488 4784 5394 6666 7048 8197 9442 11018 11244 17893 18456 26648 31111 31879 
1 5 6 9 16 32 48 97 209 297 324 465 495 509 559 2002 2708 4105 4250 5270 5892 6310 8040 8484 10220 10417 14487 16831 21211 23314 31687 
3 5 9 12 30 74 82 91 141 274 357 371 480 485 577 846 1514 2275 3936 6405 15079 20382 21805 26614 27308 30726 
0 2 4 6 8 8 9 12 16 23 34 40 53 59 80 301 492 512 1715 4661 4855 4888 6426 6434 12866 16023 19128 21633 24002 24180 25977 
0 6 6 6 9 11 11 27 59 59 197 310 740 968 2671 2944 3595 7464 8831 9232 9830 10283 12312 15496 16838 17558 18935 29189 30697 
1 4 8 8 18 44 64 68 233 538 557 2626 4369 5476 7128 8248 9020 9748 15869 17397 22858 26077 27915 
0 5 7 8 23 53 67 98 198 400 602 710 849 895 2631 2735 4676 5310 8277 8765 9472 12965 18045 23882 24063 26851 28647 31549 
2 5 8 29 31 45 92 235 242 315 358 686 901 2874 3616 5396 9128 10925 12541 14517 20736 21387 26478 26988 30123 
1 1 1 4 6 6 6 7 7 8 9 10 21 58 69 84 85 401 1472 2164 2497 3232 4782 9120 23703 24158 25500 26145 27600 30402 31815 32258 
0 1 2 2 3 3 5 5 7 7 8 31 235 350 803 979 3818 4631 8557 9059 9073 9845 10585 11121 11998 14036 15067 17526 19877 26653 28192 29004 
0 5 6 9 34 37 39 57 69 334 614 702 704 882 1276 2565 2583 2962 3151 3853 9789 11501 11556 24871 25699 28664 
0 2 2 6 36 57 58 68 70 79 80 132 476 727 730 880 4679 5867 7540 8343 9106 10877 13828 15881 16844 16973 24370 24427 25149 30816 
1 7 9 9 20 23 88 233 410 530 571 806 816 920 2111 2289 5666 5767 6578 6802 15536 17903 27896 28447 
2 2 5 6 6 6 6 7 7 68 114 207 307 500 741 830 832 882 1392 1501 2212 2420 3031 3698 3900 5367 6103 8360 11901 14213 22169 23826 30293 30494 
0 3 5 7 7 31 42 49 52 61 72 151 263 424 574 617 1837 3359 4555 5702 7153 7221 8847 8919 10673 16820 17491 22264 
0 0 2 4 4 5 6 8 8 28 30 41 46 47 51 54 202 284 339 362 455 527 928 1854 2576 5121 5458 7199 11319 13177 13846 15159 16014 16934 17370 25330 
0 2 2 3 3 5 6 12 53 76 160 381 501 858 2273 3146 5676 6598 7886 8783 12997 16918 23730 25699 27694 
0 4 4 4 5 8 17 24 40 51 67 84 160 268 284 285 327 663 707 1262 1626 2418 5681 6551 8277 8553 12697 13311 16685 20935 25116 28715 
1 3 7 8 8 9 9 9 40 50 529 3699 4593 4984 5207 5468 5761 6335 6898 8702 8862 10142 12043 13718 14728 15649 17398 17772 19153 21109 29008 
3 4 4 4 5 6 8 9 59 73 78 99 559 596 882 907 4899 5100 6809 7177 7895 8261 9289 9638 11429 12039 12778 21165 
4 6 8 9 9 25 40 62 77 79 84 92 98 526 655 781 982 1137 1500 2434 3203 6788 7074 10085 21560 26262 27840 29943 
0 0 0 1 3 5 8 56 74 76 148 388 895 929 5701 6650 10437 13176 15014 17101 18360 20088 23642 24637 24873 25648 26183 27669 28259 32239 
1 1 3 3 6 23 36 42 51 68 516 2404 2859 3646 4046 4147 7637 8273 11316 11741 12812 12945 14553 15735 15968 19742 24259 27350 30573 31305 
4 5 8 8 19 37 39 52 86 140 185 336 377 483 945 6436 8579 10167 10995 12797 13664 18214 20094 20346 20821 21478 25596 25973 
5 6 7 8 32 65 65 92 139 194 229 344 543 1126 3295 5629 7765 8517 9752 9758 15669 16896 24666 25476 32624 
2 4 7 7 8 8 9 14 40 43 50 54 94 192 355 434 664 958 4025 4035 4681 5328 7356 8532 9538 10795 16633 18741 23050 26858 31149 32295 32735 
1 2 5 7 30 49 50 58 75 75 92 93 96 97 198 344 800 856 4589 6350 8949 10979 12662 14790 17745 22131 26742 
0 4 5 8 17 66 67 75 79 87 91 107 197 436 821 831 920 3426 4528 5622 7170 10069 11880 12511 13036 22328 22921 28917 
0 1 2 4 4 6 9 9 13 23 37 51 68 80 94 378 386 686 688 725 932 1191 1764 2142 2259 3852 5389 7356 7627 7685 8630 9180 16461 16703 21829 29667 31820 
0 0 0 4 5 15 34 36 50 65 76 79 90 197 339 889 970 1770 2385 3361 5111 5137 6928 9115 15421 18235 25437 27520 28178 32465 
0 3 4 7 7 8 9 42 55 63 77 97 399 3128 4438 4759 4943 6005 7286 12686 17415 17548 18615 19687 23674 24432 24620 27852 30576 
1 5 7 7 7 49 62 423 550 611 751 845 1029 3384 4631 5560 5791 6353 6448 6896 7061 7703 8452 9883 13332 22619 31826 32006 
0 2 3 5 8 8 15 27 56 64 70 85 130 214 456 920 2160 3171 3748 5033 6592 9778 18371 20597 21137 21402 27312 
3 3 8 9 48 52 92 121 221 275 372 714 772 822 859 1066 1309 1609 1643 1703 3982 6503 7585 9095 9097 13509 15690 17105 19031 23423 
0 3 4 5 28 34 35 39 39 67 73 78 244 327 495 519 762 2693 2978 5640 5937 6079 6977 7105 7898 9619 11492 16613 18478 19874 22440 23043 32296 
5 6 13 65 67 77 99 224 261 755 1795 2830 4259 5083 5122 5716 7880 7894 8211 8268 13613 16313 16436 16557 25558 27518 30825 
1 2 5 6 7 34 54 80 92 96 98 142 178 883 915 964 4655 5839 6027 6901 7488 11614 14036 14720 16318 16645 20730 28163 28596 
3 3 44 55 64 65 74 97 97 416 504 844 3855 4642 5007 5119 6153 7382 7955 8229 8236 8487 9922 12329 16498 20248 20865 23793 24656 28126 28994 
1 1 2 3 3 4 5 7 9 14 26 34 53 56 63 64 72 77 102 247 272 345 682 685 712 762 822 6912 7395 8662 12463 16877 18564 22835 23520 24633 25128 27365 
2 4 5 6 30 33 41 62 75 187 484 539 556 938 2050 2327 3519 3666 6063 7191 8578 13786 16062 18278 18506 20846 22005 24611 32016 
1 2 5 8 8 18 21 34 61 67 78 81 88 213 285 356 358 464 2157 2515 3748 3820 5032 5344 5553 6725 8373 9769 11313 14913 20010 20549 32130 
0 0 2 2 3 5 6 14 29 43 55 58 62 140 515 821 926 1576 2886 4008 4011 4528 6230 6704 7238 8600 10972 11335 12410 13054 20573 26410 26488 26765 27628 31056 
1 5 9 19 24 28 44 67 75 75 76 95 97 227 650 793 956 983 1741 3667 3843 4419 6084 8280 9099 13882 16802 17921 22490 22805 25601 26487 26774 31743 
1 7 7 18 67 72 73 93 174 256 286 1077 1112 2210 3081 3477 5190 5412 6739 7781 18490 22711 27253 27524 28900 28948 
0 3 5 7 9 67 92 301 664 800 1649 2017 2560 2675 3208 3841 4516 5538 5945 6399 6662 9131 10108 10132 10419 21927 23778 25185 30057 30903 31855 
3 4 6 6 7 19 36 64 68 174 618 641 683 685 832 1191 1845 3712 6825 7226 10292 13985 14829 25807 25978 31922 32273 
0 5 7 7 9 9 9 10 21 49 52 74 82 330 373 467 511 766 1400 3549 3553 4017 5692 6464 6749 8828 9218 9993 13416 15820 16931 21185 21301 22958 30833 
2 2 2 4 6 6 37 52 132 398 493 549 683 716 808 856 1529 2515 2533 4599 4712 5175 10621 12109 13471 22469 27483 27610 30904 
3 4 7 9 28 59 82 97 209 306 590 596 943 959 2488 5735 7941 9794 10582 13302 15103 18605 22210 23746 24039 27234 29591 29863 
2 3 4 5 6 8 12 43 71 83 100 335 446 478 634 651 705 782 1136 1548 2308 3178 3443 4866 5864 8222 11301 13280 16600 20957 31683 
2 3 3 3 4 5 5 6 6 6 7 68 69 77 81 82 150 164 382 435 446 579 809 871 978 984 4504 4596 7828 8916 9889 10701 14873 15091 16397 16455 20186 
2 2 3 5 6 6 11 21 28 49 64 92 95 99 182 259 564 758 779 1090 2712 3044 3378 5152 7771 15748 18325 18833 19685 27708 28109 29152 29989 30159 
1 1 3 4 7 7 8 9 19 87 428 488 511 681 889 916 929 5106 5211 7182 7239 8191 9218 12032 12070 18081 21153 22991 24926 25987 28338 
2 5 7 8 9 58 59 61 62 96 228 522 841 3563 3592 4565 5425 8863 11695 14232 17045 23305 25639 26311 28154 28443 29843 
0 3 7 7 8 9 19 27 51 51 56 75 91 208 463 971 5680 5755 6830 6887 9322 9492 11248 12753 18490 21241 28731 31235 
5 8 9 33 38 54 60 89 93 197 206 546 563 860 946 1957 3655 3767 4099 5381 5474 7265 8401 16214 20035 23715 23898 
0 0 1 4 7 8 8 9 10 14 18 29 43 79 82 99 492 790 802 1572 2202 2356 3440 4944 6492 6838 7698 9075 12189 12288 16240 20320 21886 23204 26270 29007 
1 4 4 5 5 8 9 9 9 45 51 51 74 92 158 368 386 505 522 603 710 750 972 5541 10570 14411 20588 23488 24351 31757 32404 
2 4 5 9 37 39 40 47 65 487 673 681 992 1618 2660 3701 3715 3850 6431 8433 11761 16111 21489 28838 30260 
1 2 6 6 7 7 7 23 86 97 98 350 505 506 649 890 911 981 2158 3765 4494 8227 9484 9997 19213 22290 23218 32280 
0 1 2 4 5 6 27 64 65 77 327 355 374 611 645 669 766 951 8726 9315 11444 11531 12692 13946 14339 17667 22968 24587 25650 
2 3 4 5 5 6 7 8 9 9 21 25 49 96 102 125 719 737 743 1808 3290 3905 3991 4235 5635 5637 6802 9528 9780 12211 21258 29094 30364 
0 2 4 4 5 6 7 7 7 9 14 23 27 43 72 235 295 565 724 755 981 998 4277 8257 9882 13471 13679 14970 16013 18129 22646 24252 25856 28266 29849 30797 31076 
0 0 2 8 13 22 25 93 550 696 984 1891 2449 2554 3507 5650 6265 6269 6277 7060 8893 8963 9452 9642 11998 14998 16692 26843 27430 28103 
0 1 4 5 5 6 21 44 65 92 223 340 360 504 549 554 587 600 693 752 818 1170 1630 8222 8670 12711 20185 23515 30250 31570 32473 
1 3 5 8 17 70 82 92 163 301 627 808 823 966 1356 2848 3564 4854 5483 5622 6321 8078 11835 19428 23195 25605 26458 29750 30626 31258 
0 7 7 9 37 60 86 155 209 260 385 540 565 865 1158 4348 4431 5257 5405 7135 8903 13945 16069 17190 20483 23196 24476 26595 26859 
1 3 3 6 6 8 8 41 70 89 90 126 480 530 728 765 919 969 2706 2859 4871 5437 6509 6696 11232 12630 14392 23557 23878 28630 31025 
5 5 7 7 8 9 13 18 26 45 65 83 86 89 440 461 489 497 3198 6030 6706 7610 7983 10223 10517 17046 21589 21800 22170 27191 27523 30891 
5 7 8 15 19 34 50 51 83 96 141 238 850 1216 2478 4633 4653 5229 5252 6567 6989 7646 8444 8536 9263 12962 13451 19653 24840 30368 
0 1 7 7 7 9 9 12 58 77 98 224 663 689 810 833 894 936 10173 11884 19863 22415 25218 27375 27975 29000 29510 30761 
2 3 3 4 4 8 15 32 39 69 99 114 199 204 363 364 629 677 909 933 1659 2112 2477 3548 3603 4487 4569 7362 11815 15985 19003 19589 22112 23519 23680 23993 26415 27641 
2 3 3 3 5 6 8 9 13 45 52 59 67 79 86 91 227 232 424 728 804 1677 3437 5430 7358 8179 9580 12647 16707 17119 17367 19363 23639 26450 28244 29815 32150 
9 14 48 48 73 80 81 96 171 740 762 953 1651 2885 3899 6919 12082 13348 16562 18252 18772 21934 23767 24989 27434 29167 30348 31079 
5 5 7 7 7 8 8 88 95 140 169 397 459 542 576 1762 1903 3447 3624 3860 4339 5304 5848 6227 6987 7753 8815 9803 10329 15123 16802 18578 22772 31229 32478 
0 0 2 3 5 8 9 9 9 20 50 51 55 60 329 377 514 589 797 884 1520 1520 2014 2239 2916 2963 3957 4064 4824 5141 6948 20717 21382 28774 32079 32745 
3 6 8 19 35 43 46 52 63 68 85 254 356 398 2171 2830 3794 7536 9174 13765 16135 17553 22194 23680 
1 2 3 5 6 7 8 17 33 49 52 66 74 89 121 191 433 566 972 1020 1717 1832 3502 3856 5663 12430 13646 24413 26428 27371 28305 29884 30434 32665 
0 5 6 28 33 35 97 157 163 181 979 1530 1739 3203 3376 3512 3548 6988 8847 9198 13921 15305 17137 18160 18942 20642 21629 26392 28538 
2 47 63 65 74 76 91 208 247 321 424 467 575 597 2630 3283 3580 6097 7057 7637 8477 12744 13981 14259 14790 28646 31340 
0 0 0 0 1 4 4 4 8 9 12 17 22 24 65 98 575 744 2252 5579 7194 9340 9388 9415 9664 9912 12137 13220 14876 15251 22935 23150 23283 27142 27149 27159 30871 31889 
1 2 4 6 13 41 53 94 103 122 338 490 639 1617 2083 2825 2910 3902 5887 5907 6160 11859 13064 13463 13658 14083 14765 15178 16945 17752 18985 24406 
1 7 8 9 13 38 49 78 98 153 211 305 414 668 740 972 2285 7700 8060 12580 13919 17358 20977 
0 4 4 5 6 7 16 24 32 56 58 60 75 77 91 452 688 871 982 2664 4469 5375 5615 6156 6622 8721 9367 10832 25965 27182 28360 31042 
5 5 8 19 26 43 46 57 76 79 174 443 758 802 885 1230 3232 3465 3490 4330 5201 7013 9551 12494 13526 17891 20357 23056 30201 32028 32281 
0 39 42 47 66 94 393 2482 4357 4814 7472 7567 8122 8637 11734 13510 14157 17567 25694 27160 28166 32571 
6 6 9 21 38 46 54 66 87 104 192 268 300 402 1049 2055 2383 2981 4383 7937 8721 13733 19643 22918 22956 23852 26031 27602 29087 30540 
2 2 3 5 6 20 23 34 42 90 220 224 420 768 781 3094 3386 3748 4353 6328 7377 7586 9106 14533 16976 24762 25755 26934 29437 29562 30882 31432 
0 5 7 9 29 50 53 60 77 80 89 99 343 774 3610 6523 8799 12257 17116 19840 20010 24380 24974 25371 28775 28835 29652 
0 3 5 17 28 32 54 79 99 218 517 2415 2740 3484 4108 4520 6203 7598 12390 16770 21234 22431 30846 
1 5 5 6 7 8 8 9 23 42 44 61 70 81 98 156 526 585 599 637 909 3023 3698 5338 6517 7635 12445 13555 14063 17394 20785 28923 32712 
0 1 1 5 8 25 176 537 763 824 953 1599 2109 2428 3615 5895 7538 8494 9557 9649 13659 14009 16310 26897 28096 28280 30411 
5 8 9 43 75 90 203 513 884 941 1228 1261 1301 1989 2139 5080 5201 5519 5528 6734 6917 7893 9161 23934 23959 24086 25234 27063 30532 32229 
1 2 2 2 8 9 57 92 93 158 182 200 316 517 637 694 775 2132 2438 2712 2822 2903 3151 3813 5219 7241 9648 10963 10997 14295 18307 19403 19548 25150 
3 7 7 8 26 29 31 42 69 73 97 208 333 354 471 602 949 1273 1745 3096 5020 5599 5939 7200 8137 8858 9064 9200 9406 11883 12708 13544 20571 29240 
16 24 37 40 41 50 83 87 230 324 361 908 921 2464 4332 6142 6338 6795 7027 7760 8079 8709 9194 11073 16284 18706 25422 27023 29229 
2 2 5 7 8 8 9 9 12 18 53 54 90 215 332 444 462 574 747 785 3005 3252 3881 4201 6843 9245 9298 9894 9988 9996 11118 15289 25742 29393 
0 0 3 5 11 15 21 66 84 90 98 541 849 2326 2792 2835 3613 4372 4420 6136 6287 6589 8635 10769 11988 14456 17262 30844 31386 32004 
4 4 4 5 6 7 8 9 24 39 41 51 267 670 839 955 972 1044 1562 1692 1814 9252 9884 14727 19139 19429 19596 22878 24814 30829 31628 
5 5 6 18 27 50 75 78 218 326 705 737 866 924 1034 3738 4730 5021 5274 5711 6317 8016 8618 8705 9765 10620 12806 14747 19387 25294 25614 29147 31207 
1 1 2 2 5 8 9 16 30 42 53 86 91 207 1037 2310 2525 3161 4895 5911 6191 6293 7342 7365 10532 15493 15704 16479 17049 17885 29738 
1 7 7 8 9 9 15 47 51 143 202 249 488 536 627 926 935 3498 4762 4968 5020 6677 6753 6886 6905 7685 8050 9197 10203 22920 26105 27558 29218 29292 31496 
1 20 49 54 54 59 60 72 90 96 191 278 434 665 902 1596 3501 4107 4441 4738 5960 6773 6830 7119 9413 15140 18663 20041 20471 22177 25743 31258 
0 0 0 1 3 5 6 7 7 33 37 81 98 298 385 733 918 1278 2421 2645 2843 3440 4195 4672 7991 8836 12598 20267 20486 21834 22433 25329 25616 28873 32441 
1 7 7 9 50 87 90 93 94 691 951 957 1176 2928 3994 5564 6495 6618 6790 12549 13553 14955 16923 22406 25508 26874 
0 0 1 1 5 6 27 32 43 81 87 88 92 93 215 226 287 520 701 742 903 1187 1612 1655 3404 4069 4374 4432 4810 5563 6107 8786 9155 23910 27559 32686 
2 6 7 8 11 26 44 52 83 139 261 392 679 832 2804 4919 5614 5926 6668 7848 10805 11320 12408 12954 17568 18605 19335 19845 20771 20963 21706 21879 21959 23527 24831 26199 28198 30461 32126 
0 1 2 3 5 12 48 61 421 441 494 940 972 2475 2509 2590 5062 5351 6445 6710 7741 11550 12732 12986 17544 20441 20948 23401 24041 25217 
1 1 4 5 8 8 13 15 37 39 53 73 95 296 426 594 679 832 2119 4008 5160 7828 14188 18865 18893 20701 32559 
0 3 5 5 6 8 22 42 48 66 110 128 176 362 732 740 827 1828 1920 1951 5201 5384 6473 7083 9490 9730 11275 15382 17032 22061 22615 29270 31155 
0 1 7 9 9 22 42 54 464 602 652 880 905 1869 2323 3512 4799 4971 6042 6302 7347 8554 10590 13523 13732 13983 15930 21497 21866 28127 31842 
2 6 7 8 8 9 35 169 231 382 598 608 1705 2102 2310 3653 3822 4043 4190 4211 4323 4646 5885 5937 8057 9413 14142 15597 18915 26002 
0 1 2 4 5 7 8 25 55 56 60 60 77 89 93 103 130 199 452 498 736 1757 2453 3863 5622 5929 7550 9194 9887 11186 11968 13319 15222 15247 20312 
1 4 7 9 9 27 27 34 72 94 275 445 505 523 873 929 2570 3153 3916 5125 13201 16733 18122 23434 24390 26082 26615 28331 29125 
47 65 79 86 156 260 452 533 715 764 977 994 3167 3658 5927 6528 7891 8220 12145 16516 18094 18657 19254 19993 21810 22160 
0 3 4 4 9 31 68 73 95 102 312 361 406 602 626 660 738 833 1511 5138 5297 5323 5683 6343 8521 9180 14373 17050 18363 22384 25976 28459 29943 
7 7 9 20 74 83 596 678 827 928 949 1228 1419 2690 3643 4037 4928 7263 7334 7747 9078 11907 17812 23026 27733 28359 29305 
5 6 7 9 10 10 73 75 99 321 355 406 533 1677 2062 2670 3712 4185 4801 5207 5407 5615 8964 9053 9712 12512 18925 22574 26830 
1 2 3 4 29 40 41 46 74 199 327 486 789 868 900 953 1228 1353 1962 2627 7581 11587 14883 15230 19253 19805 22939 26406 27527 29885 
1 1 1 1 3 7 9 50 81 102 361 373 452 465 764 893 1806 2025 7733 13524 17851 21616 25019 26872 
0 1 3 4 6 6 8 25 36 41 48 55 57 71 313 669 774 869 5225 5729 5800 7673 9923 13541 18096 18311 20400 20713 27346 29525 
3 3 4 6 7 8 8 14 38 39 40 48 66 68 127 148 224 226 669 832 933 4920 5594 7353 7383 9399 9761 16334 16890 20213 21205 28603 29547 31475 
0 2 7 11 40 51 58 98 284 307 374 645 855 1212 1783 3837 4785 4993 6697 6961 9127 10332 11276 14224 17934 25100 25107 26297 27783 31683 
1 2 4 9 25 37 94 97 375 633 743 759 4065 4377 4677 6549 6615 8545 9021 9114 9311 18855 23000 23193 23850 
0 1 8 9 61 86 92 144 171 328 418 496 803 917 2133 3029 5271 5796 8133 8978 9146 9180 13682 15038 16094 20749 23200 30121 30141 31619 
6 16 33 38 50 62 76 77 81 85 91 114 197 627 1037 1146 4841 5621 6239 6507 6626 8210 13656 15048 15236 16551 21191 24339 25021 
2 7 17 39 60 348 670 858 1406 2507 2730 2767 4069 4965 6089 7886 8365 8753 9222 10867 12227 13357 17326 23309 23786 24721 
2 4 39 41 49 76 83 96 131 330 406 785 822 864 1302 2346 3441 7009 7340 11167 12212 14833 15351 23703 30868 30877 
1 2 4 4 6 6 8 9 9 21 27 31 40 51 82 83 132 156 336 744 831 833 941 2065 4808 5797 7267 12068 14650 18094 19877 29480 32128 32568 
0 2 3 3 3 4 7 7 9 23 54 59 79 332 426 729 864 937 1371 1395 3385 7856 8824 9710 12321 13981 14319 14692 18807 20082 20333 21074 28623 30901 31286 32391 
4 6 7 8 9 24 35 39 61 65 97 280 324 400 758 1271 4154 5353 7515 8358 9438 12202 20733 23503 27567 28333 
0 0 0 1 3 6 7 7 37 39 40 44 54 72 95 131 161 185 660 889 1175 2643 4405 5378 8275 9059 9282 9518 10605 12293 15490 18530 22278 30753 
1 3 6 8 9 31 68 69 166 257 404 579 647 671 701 2534 5397 6891 9319 14696 16663 17861 20586 20647 21023 24055 24792 31052 31857 
1 2 3 5 6 28 46 47 79 96 206 277 423 667 753 799 974 1169 1640 4618 5650 8047 8083 8262 12507 16446 19119 20125 20764 21098 24668 27973 
0 6 17 39 42 72 166 261 369 535 581 643 680 745 993 1397 5212 5227 5879 6082 6783 9771 12050 12314 13526 14461 14917 19779 21036 23045 32290 
2 4 5 6 7 9 9 9 9 16 94 196 254 315 475 679 688 1778 2667 3180 3491 4453 4894 6690 11796 12003 14233 19191 22802 23663 29123 30230 32181 
0 1 2 5 7 9 57 61 68 70 74 81 90 1022 1249 1749 1946 2484 3359 3411 5332 7153 8726 9233 11826 13226 13277 16414 18301 20993 23849 25583 28001 28700 28813 
1 3 3 7 9 12 25 95 97 664 743 785 983 1923 2450 4261 6676 7665 7998 9747 10948 12846 14860 17706 19136 25252 25741 26354 26519 27760 
1 3 4 6 23 32 49 57 274 281 574 707 788 838 944 1574 2476 2962 3526 5549 8748 9401 13755 17819 19368 21657 24064 24272 24899 25232 28461 29677 
0 4 6 26 32 73 257 538 695 701 716 908 915 1549 6441 6888 8046 8358 8691 9351 11227 11618 14074 14324 16296 18486 21870 21883 
1 1 3 4 9 9 52 59 64 93 140 226 299 415 471 538 750 1091 1644 4874 5590 13725 14209 16231 17361 27641 
0 1 1 3 5 5 5 7 7 54 62 86 96 211 338 445 515 521 865 958 1815 3126 3923 5015 7290 10246 10454 10745 14781 22761 22779 
5 8 36 199 227 390 434 465 624 786 937 1293 1468 5380 5490 7007 7554 8260 8501 9420 15933 17547 17929 17991 19133 25470 29648 
1 2 2 3 5 16 116 247 330 369 983 1079 2384 2838 3320 4908 5940 6148 7910 9325 9762 10537 15320 15793 16013 16666 18492 19521 
0 1 2 3 5 5 8 30 34 54 56 249 368 389 480 580 603 614 1797 2279 3305 5655 7865 7979 9011 9698 10749 18399 21706 24508 25818 27180 
0 2 6 6 8 8 19 25 31 37 46 66 92 112 410 583 701 732 801 1350 2996 3404 8137 13993 24373 25079 26862 28396 31955 32760 
2 2 5 6 48 64 92 332 375 418 445 665 1909 2438 4077 5155 5352 6491 12289 14234 14492 15192 15904 17759 18738 26374 27609 28783 
2 4 4 4 4 6 7 7 9 34 39 50 61 88 129 154 162 304 317 576 672 1317 3475 4669 7886 8409 8511 8901 9160 9704 10994 14290 16215 17031 27048 27817 
3 6 7 24 44 68 83 89 164 290 414 453 989 2662 4646 5574 8222 9495 9820 12191 21860 30652 
0 0 0 1 2 3 8 44 75 95 197 215 510 716 786 3263 4424 4437 6496 6655 7135 7476 8189 8398 9298 10574 10700 13022 13995 15099 23796 27631 29867 
2 3 5 8 9 10 18 29 69 249 706 975 1160 2757 3480 4298 4635 5302 5429 6130 6639 7646 11577 12854 17989 22565 31701 
1 5 7 8 8 9 11 25 50 52 372 397 572 762 806 1867 1920 2176 11361 15446 16820 21071 26635 26753 27814 27915 28024 31137 
0 0 1 1 2 3 3 4 4 9 48 64 79 184 235 767 919 4118 4965 5898 6375 6924 10054 11581 14009 17727 20933 26392 29203 30154 32489 
0 5 5 6 16 31 44 55 56 58 60 61 499 520 533 742 939 1268 6838 8356 14202 15722 22554 24138 29550 30356 31235 
4 6 27 32 43 59 68 331 357 703 2186 3167 4092 4507 4601 5631 9383 12942 13096 14528 29146 29723 30169 32675 
3 3 5 5 6 63 66 68 86 104 321 413 557 632 650 968 4414 5883 5883 6526 8186 10819 14972 23469 



-----------------------------------
averageRunLength = 31
the file is sorted: True
Max run length: 43
total Runs: 237
total items: 7353
---------------------------------------

