894 
13031 171 16117 70 9 
489 19011 28687 20009 14 
16 4 28492 24854 2 
1764 8 19329 26 30426 
7 21 83 8612 22933 
0 5 1 12383 17085 
789 5443 5 21197 7 
26042 44 10897 23559 8823 
0 84 8 30245 15948 
3 8 21235 22494 7 
791 52 26686 14020 6 
941 752 623 18 6891 
7293 5181 72 13083 287 
486 7654 232 21271 382 
220 4001 999 52 26525 
296 2888 998 3757 7876 
9334 30 28 8535 24271 
368 4496 17209 26527 6922 
9915 7 271 15 7746 
1605 1 196 4636 17 
254 15386 30720 645 441 
342 5 16037 809 5 
23016 7671 31074 11972 2289 
77 924 15099 7093 262 
4747 1 728 2069 10238 
26583 57 17 12712 569 
5 9 8514 17964 65 
2 11750 2 36 12252 
357 11 611 24 91 
692 43 5 32390 4693 
234 19334 87 8323 7358 
5570 4032 6194 8968 47 
63 764 6207 113 449 
2557 6715 9965 0 31717 
426 646 94 27497 9598 
883 4280 31306 25709 7679 
724 21548 28303 736 8303 
0 84 745 575 8075 
1324 12304 24194 22789 22701 
6 10078 219 976 6 
5150 13894 96 29306 5635 
31377 4 53 4753 4014 
87 22987 38 30146 97 
4 35 40 14338 6106 
16939 3571 9 115 19373 
69 8451 121 34 2 
42 3 289 277 870 
1632 77 0 7 49 
2 15401 17129 850 1357 
350 8235 35 75 1 
27400 1013 1810 408 35 
88 1 747 10369 1 
16234 99 2 5709 27623 
9434 17553 48 27298 812 
18193 7 8 6 72 
1683 223 27944 9 11643 
28 79 67 6 1030 
9932 9 1 1440 30847 
16 3 7 413 98 
1639 8 390 67 6555 
8 3 50 3 262 
161 11398 0 62 28025 
7 238 14185 86 8222 
22666 3750 2 56 12 
416 577 99 84 6 
3988 688 55 289 25480 
23886 408 2 31872 82 
1594 6912 551 145 12004 
7249 8839 5918 6948 3186 
11939 12461 4 26578 23262 
23936 732 22821 8330 4 
26118 2562 3834 47 113 
668 29192 66 75 989 
2 23879 1 7582 186 
3365 8707 11745 88 1957 
7 29824 86 932 5496 
7 3373 15717 21954 237 
9 37 95 3415 6 
382 8 22572 30 10477 
576 7027 4237 1476 24294 
1121 68 6 32045 4557 
52 4 1 1 2688 
532 5 3855 21546 5162 
3 30170 622 3861 58 
2217 30944 27053 25 64 
3 15345 84 62 4777 
9 13328 4152 7612 340 
14 9044 161 2675 61 
19111 18760 844 27600 4064 
741 15216 5189 971 561 
597 564 519 19937 33 
906 8360 22 1 3082 
3 6963 75 17947 13523 
6419 2 832 2185 8465 
971 5039 4 9462 6 
363 4 34 742 38 
17376 91 5 51 185 
16192 80 449 2 9799 
3 2242 7 564 14332 
4137 95 1040 28708 27497 
31801 19127 8738 8 21472 
242 4 6000 51 1 
5 5393 6 24986 1294 
3613 23304 8765 2836 63 
77 4 90 5 793 
499 6 497 13542 3907 
45 4924 870 3163 5 
78 587 6628 8933 3256 
221 15979 6370 7114 23864 
4 25158 7 1739 3096 
893 99 8 4108 18738 
2977 6076 1303 5785 8 
430 72 9014 1 51 
1437 21379 751 4 33 
662 57 1231 5 7048 
14278 20034 89 16407 16039 
4810 1010 7 2565 611 
2 271 76 32157 3 
71 657 5066 99 5283 
28416 8420 98 19099 3 
29269 788 655 7285 1 
866 47 6 20 31 
8 9868 14917 2410 22 
749 32408 46 28580 449 
24761 980 518 9 915 
41 20872 1394 9 7 
2 11920 26501 16537 96 
27468 13544 9266 29078 2 
5 21240 4018 28635 30845 
1888 7 4 1618 54 
2 14917 538 3308 597 
14065 519 597 22582 3566 
7 2 20957 11828 96 
77 7546 0 6 3713 
25469 566 1 5239 284 
19412 225 24884 664 15277 
72 5345 19960 6682 214 
14 6228 30252 2 17151 
63 2964 61 66 24711 
186 2 26855 88 2887 
12961 1934 32 30027 28852 
4573 41 91 26145 687 
16841 8 17986 0 3126 
6 5208 7318 4 4 
1 536 24553 237 1971 
10288 4 8 30124 1 
6 300 4449 505 2 
6193 28964 19864 30152 1 
69 36 2483 2957 2 
9 7724 2 3 8 
148 0 3159 8102 36 
6 8 88 12330 1725 
621 3 15952 379 4 
7 19380 243 3687 2 
90 31805 13749 10855 5165 
13 21139 9474 26 5353 
5 27145 15860 940 27997 
51 46 5685 6 8 
80 9 9842 1049 387 
9637 9956 459 636 22502 
5295 6 18485 935 4154 
4 1 24503 8 7706 
6721 1 9124 56 40 
16 694 0 4869 17076 
3119 27026 383 2 3579 
13900 28270 14201 6 23681 
48 9 71 9024 12 
99 99 27680 730 7031 
5 19576 6 27568 16343 
20773 27924 4759 19333 15976 
9140 25005 783 3445 73 
24746 472 5701 27265 5351 
4632 2629 4077 7 21419 
1 24899 16802 6553 1114 
612 3 892 804 31799 
23460 125 2 1 88 
2071 4 14812 505 98 
734 17332 2093 7545 2132 
29420 22447 7637 14263 0 
5077 5792 6112 54 35 
5266 8 2231 0 6120 
2 943 505 2352 8954 
6 603 6 13 21451 
28991 8042 141 9327 6755 
71 32490 28400 1 11517 
6 9887 5402 25 5617 
74 24974 22472 76 5 
89 5 31671 32271 177 
518 6 1495 889 41 
2690 43 495 1206 7763 
42 28811 873 16918 484 
10 6498 5 11240 816 
38 56 2598 19907 722 
701 7902 27262 1260 9134 
487 3258 506 2440 32473 
15112 80 2364 2291 202 
3566 8382 6742 89 9 
30248 72 30917 84 1717 
14994 113 67 28822 20290 
1 29416 9024 186 7 
452 7 83 55 21577 
27061 16123 26 3 9 
79 22374 28482 13864 10 
3506 1754 2624 44 1 
19361 5840 92 13236 3164 
2922 390 0 339 7169 
206 1127 7041 94 463 
11853 3845 11983 21885 98 
35 564 29276 97 395 
457 16446 18224 560 1 
97 3122 3 38 23398 
25745 502 284 6195 4705 
658 3040 54 14 9857 
32184 784 3390 0 80 
1 13 1 5 31733 
11934 6432 23 6 10657 
25307 23619 6046 