28687 28492 24854 20009 19329 19011 16117 13031 1764 894 489 171 83 70 26 21 16 14 9 8 7 7 5 5 4 2 1 0 0 
30426 30245 26042 23559 22933 21235 21197 17085 15948 12383 10897 8823 8612 5443 941 791 789 752 623 84 72 52 44 18 8 8 7 6 3 
26686 22494 21271 14020 13083 7654 7293 6891 5181 4001 3757 2888 999 998 486 382 368 296 287 232 220 52 30 28 15 7 1 
26527 26525 24271 17209 15386 9915 9334 8535 7876 7746 6922 4636 4496 1605 809 645 441 342 271 254 196 77 17 5 5 1 
31074 30720 26583 23016 16037 15099 12712 11972 10238 8514 7671 7093 4747 2289 2069 924 728 569 357 262 91 65 57 43 36 24 17 11 9 5 5 2 2 
32390 19334 17964 12252 11750 8968 8323 7358 6207 6194 5570 4693 4032 2557 764 692 646 611 449 426 234 113 94 87 63 47 0 
31717 31306 28303 27497 25709 21548 9965 9598 8303 8075 7679 6715 4280 1324 976 883 745 736 724 575 219 96 84 53 6 6 4 0 
31377 30146 29306 24194 22987 22789 22701 14338 13894 12304 10078 6106 5635 5150 4753 4014 3571 121 115 97 87 69 42 40 38 35 34 9 7 4 3 2 2 0 
19373 17129 16939 15401 8451 8235 1810 1632 1357 1013 870 850 747 408 350 289 277 99 88 77 75 49 48 35 35 7 2 1 1 1 
27623 27400 27298 18193 17553 16234 11643 10369 9434 5709 1683 1030 812 223 79 72 67 28 16 9 9 8 8 7 6 6 3 3 3 1 
30847 27944 11398 9932 6555 1639 1440 413 390 262 238 161 98 86 67 62 56 50 12 8 7 6 2 0 
28025 25480 23886 22666 14185 8222 6912 3988 3750 1594 688 577 551 416 408 289 145 99 84 82 55 4 2 
31872 26578 26118 23936 23262 22821 12461 12004 11939 8839 8330 7249 6948 5918 3834 3186 2562 989 732 668 186 113 88 75 66 47 7 7 4 2 1 
29824 29192 23879 21954 15717 11745 8707 7582 5496 3415 3373 3365 1957 932 576 382 237 95 86 68 37 30 9 8 6 6 4 1 1 
32045 24294 22572 21546 10477 7027 5162 4557 4237 3861 3855 2688 2217 1476 1121 622 532 84 64 62 58 52 25 14 9 5 3 3 
30944 30170 27600 27053 19111 18760 15345 15216 13328 9044 7612 5189 4777 4152 4064 2675 971 906 844 741 597 564 561 519 340 161 75 61 33 22 3 2 1 
19937 17947 13523 9462 8465 8360 6963 6419 5039 3082 2185 971 832 742 449 363 185 91 80 51 38 34 7 6 5 4 4 3 2 
31801 28708 27497 21472 19127 17376 16192 14332 9799 8738 6000 5393 4137 3613 2242 1294 1040 564 242 95 90 77 63 51 8 6 6 5 5 4 4 1 
24986 23304 13542 8933 8765 6628 4924 3907 3256 3163 2836 870 793 587 499 497 221 99 78 45 8 7 5 4 
25158 23864 18738 15979 9014 7114 6370 6076 5785 4108 3096 2977 1739 1437 1303 1231 893 751 662 430 89 72 57 51 33 8 7 5 4 2 1 
32157 21379 20034 16407 16039 14278 8420 7048 5283 5066 4810 2565 1010 788 657 655 611 271 99 98 76 71 47 31 22 20 8 6 3 3 1 
32408 29269 28580 28416 24761 20872 19099 14917 9868 7285 2410 1394 980 915 866 749 518 449 96 46 41 9 9 7 5 2 2 
30845 29078 28635 27468 26501 21240 16537 14917 14065 13544 11920 9266 4018 3566 3308 1888 1618 597 597 538 519 96 77 54 7 7 6 4 2 2 1 0 
25469 24884 22582 20957 19960 19412 15277 11828 7546 6682 6228 5345 5239 3713 2964 664 566 284 225 214 186 88 72 66 63 61 41 32 14 2 2 
30252 30027 28852 26855 26145 24711 17986 17151 16841 12961 7318 5208 4573 3126 2887 1971 1934 687 536 237 91 8 8 6 6 4 4 4 2 1 1 1 0 
30152 30124 28964 24553 19864 10288 7724 6193 4449 3159 2957 2483 505 300 148 88 69 36 36 9 8 8 7 6 4 3 3 2 2 2 0 
31805 21139 19380 15952 13749 12330 10855 9474 8102 5353 5165 3687 1725 940 621 379 243 90 80 51 46 26 13 9 8 6 6 5 
27997 27145 22502 18485 15860 9956 9842 9637 7706 6721 5685 5295 4154 1049 935 694 636 459 387 383 56 40 16 8 4 2 1 1 0 
28270 27026 24503 23681 17076 14201 13900 9124 9024 7031 4869 3579 3119 730 99 99 71 48 12 9 6 6 5 
27924 27680 27568 27265 25005 24746 20773 19576 19333 16343 15976 9140 5701 5351 4759 4632 4077 3445 2629 1114 892 804 783 612 472 125 88 73 7 4 3 2 1 1 
31799 29420 24899 23460 22447 21419 17332 16802 14812 14263 7637 7545 6553 6112 5792 5266 5077 2231 2132 2093 2071 943 734 603 505 505 98 54 35 13 8 6 6 2 1 0 0 
32490 28991 28400 21451 11517 9887 9327 8954 8042 6755 6120 5617 5402 2352 518 177 141 89 76 74 71 43 41 25 6 6 5 5 
32271 31671 28811 24974 22472 16918 11240 7763 6498 2690 2598 1495 1206 889 873 816 722 701 506 495 487 484 80 56 42 38 10 5 
32473 27262 19907 15112 9134 8382 7902 6742 3566 3258 2440 2364 2291 1717 1260 202 186 113 89 84 83 72 67 55 9 7 7 3 1 
30917 30248 29416 28822 28482 27061 22374 21577 20290 19361 16123 14994 13864 13236 9024 5840 3506 3164 2922 2624 1754 1127 452 390 339 206 94 92 79 44 35 26 10 9 1 0 
29276 21885 18224 16446 11983 11853 7169 7041 3845 3122 564 560 502 463 457 395 284 98 97 97 54 38 14 3 1 1 1 0 
32184 31733 25745 23398 11934 10657 9857 6432 6195 6046 6046 4705 3390 3040 784 658 80 23 13 6 5 
25307 23619 
